-0.37381707184076873 -0.8622430772857379
-0.7952928712734263 -4.072335915449597
-0.22785350890313757 -0.37900603632493485
0.7952928712734264 1.5423729110562752
-0.5753186602186205 -1.9990042670128383
0.15264928421887444 0.12027369106346882
0.22785350890313769 0.17133715024704615
-0.15264928421887455 -0.21348090695360786
0.9817083199968549 2.838696255017275
-0.6362424423265596 -2.4760664092306266
-0.4437198378669598 -1.1869456205043463
0.9411400479795615 2.504089691543413
0.9125036164765501 2.286409364335827
0.3017205985951924 0.22951888387406058
0.7465532216119627 1.2962108008308295
-0.6934325007922416 -2.9888740478669678
-0.5110186794471105 -1.5670887182253697
0.99926618105081 2.9934010127791746
0.4437198378669597 0.3993964424376218
-0.993402089759675 -6.8884438308960405
